.Random.seed <-
c(403L, 10L, -1785369358L, 55062596L, -1828134137L, -2073611555L, 
388668372L, -1133847814L, -1231012283L, 2066507423L, -22021082L, 
607803568L, -1131896493L, -731145103L, -1186963040L, 37895486L, 
862985289L, 1226840315L, 247288010L, -100342228L, 1518746159L, 
-300305691L, 1715603356L, -1099107854L, 149888109L, -173544025L, 
49895374L, -1430620888L, 1484587L, -1985401527L, -568249768L, 
-1103394042L, 1590191841L, 1817571955L, 2074852066L, 575637076L, 
-1196617897L, 2072617805L, 469419748L, -374028598L, -1179515083L, 
-620237425L, 922929814L, 1381950016L, 795271939L, 969364257L, 
-1121659888L, -1295830034L, 50840473L, 1745058859L, -1356019430L, 
1808903132L, 1703022047L, 1464441269L, -508954804L, -837358174L, 
254409981L, -2077892105L, -62361826L, 1750659544L, -177607877L, 
633740505L, 1846366312L, -546245226L, 186862865L, 751320771L, 
-321593646L, -1319852188L, 1057831591L, -2026683395L, -1427876364L, 
33223386L, 1178493989L, 1471285567L, -993980730L, -347454640L, 
342596467L, 89091473L, -1773654080L, 1389504926L, 246297449L, 
-166361189L, 1070927530L, -808580916L, -1867048561L, 778571205L, 
-677588612L, 377012690L, -249602739L, 238903303L, 1864323054L, 
1625880264L, 1203128779L, -1510941655L, 1903258232L, -1674086490L, 
-1010859583L, -32270765L, -1241481982L, -545633228L, 1188703671L, 
729252269L, -1464745276L, 2008422122L, 581941589L, 1508445935L, 
1236790518L, -1047962592L, 1547886051L, 704052865L, -340674320L, 
-605866098L, -2042181383L, -1190686069L, -766446918L, -433340996L, 
-656709889L, 1915841109L, -867594900L, -135756350L, 673867293L, 
-1539400041L, -243918850L, 1961878456L, -1556545637L, -478140935L, 
1029678408L, -1586401162L, -307577423L, 497001443L, -163585870L, 
-820310780L, 1792937543L, -614090467L, 525842324L, -1135166662L, 
1850935173L, -1708624801L, 142474982L, -2048539280L, 963587731L, 
-2081941711L, 1355795936L, -617465218L, -2081478391L, -43742405L, 
1370587914L, 584878828L, -4667537L, 1836296357L, 1681539676L, 
1627943474L, -863012563L, -1314390041L, -1994111218L, 372250856L, 
-955847957L, -1405262967L, -137527528L, 1115939398L, 628343457L, 
1513923891L, -733471582L, -746826860L, 1585269271L, -2007101939L, 
329968420L, -1630144758L, 1486936693L, -216659505L, 101520086L, 
-1450658176L, 1687533763L, 598931041L, 721293008L, -762636242L, 
-179376679L, 155931115L, -665922470L, 416280092L, 735944479L, 
1519432565L, 986921484L, 604191714L, -242939715L, 540718903L, 
1747435486L, 801320216L, 867221627L, -683190759L, 172965544L, 
-341177258L, 1540540625L, -1143065469L, -750446830L, 1980232356L, 
-1780302233L, -960344131L, -543841996L, -1280752998L, 305004773L, 
1200587391L, 1809099782L, 40968080L, -350600653L, -1218749999L, 
-25490560L, -961386914L, 1145716137L, -1545933733L, -863923094L, 
591375628L, 1049882447L, 1136651269L, 42709692L, 1968595858L, 
-398483315L, -1005963577L, 1343496110L, -934123000L, -470331893L, 
-1357691159L, 1331446200L, 1235009126L, -712991999L, -856920685L, 
-289454526L, 250862068L, 238355447L, 1577118320L, 424474660L, 
375457592L, -1001919334L, -306138416L, -464912196L, 939710100L, 
180594306L, 1316756672L, 1406267708L, 224325776L, -1183929822L, 
654927368L, 522862860L, -44871012L, 1091268114L, -512430720L, 
-1982259692L, -2061756888L, -64051910L, -2055616560L, -1778331028L, 
-1926093004L, -1891966318L, -1555154592L, -455601844L, -245796896L, 
-1816027230L, 787593128L, -868349044L, -1850202436L, 2143570802L, 
-374064912L, 1673140292L, 157539672L, 1731957818L, -1140063376L, 
-89095108L, 1417456404L, -1273280062L, -1130495776L, 932493180L, 
-1460134192L, 1419151010L, 600753192L, -1051907828L, -2130414660L, 
1607761202L, 360144832L, 1129878068L, -617178168L, 1361192122L, 
1632530320L, -1617406484L, -791494572L, -4579694L, 2067561248L, 
189271500L, 1092336608L, 1829503682L, -1669752280L, -1057538388L, 
-1570614596L, 1955918322L, 1037306160L, -228397916L, -2045320520L, 
-1817285798L, 377351568L, 984347004L, -1081897708L, 386574658L, 
1236427520L, -439772228L, -1477993648L, 1064591650L, 1658969416L, 
772421644L, -1797588900L, -1359928110L, -931674112L, -1288414380L, 
401867240L, 1823995898L, 1776023248L, 177759532L, 1163192564L, 
627402642L, -1016964000L, 1262001420L, -1986148640L, -190907038L, 
-2041208152L, -269280692L, 25024380L, -878941390L, 1585716848L, 
-1219977916L, -1994982440L, 1884958842L, 1993287216L, 1736772284L, 
-703396012L, 354859586L, -745395296L, -745707332L, -1645452848L, 
293217634L, 2036372456L, -1106159668L, 1299322620L, -471347214L, 
213564544L, -256444172L, 477033608L, 2146346298L, 1550943056L, 
-1552585620L, -1042472812L, -1762674350L, 1345879776L, 929255628L, 
1242355872L, -1348429438L, -1206699800L, -1491724052L, 1025153084L, 
539549810L, 1391929456L, -1102306780L, -1400643016L, -1832228326L, 
-2066394928L, -1702873540L, -1130001260L, -448424830L, -785381440L, 
-2083345092L, -1835925872L, -1325706206L, -366948344L, -356828020L, 
1038172188L, -835541870L, -1532916608L, 1912767508L, 1899815720L, 
1053070394L, -1453560624L, 2046489708L, 1155634868L, -256860142L, 
2141241312L, 755092428L, 533511648L, -1701802974L, 1624921384L, 
1201625356L, -1263153604L, 325190898L, 2113927408L, -2039269564L, 
-1925730216L, -684621254L, -1475655440L, -189619524L, -932738540L, 
-108450622L, -463800736L, -561920644L, -1125342000L, 2032710690L, 
-690894680L, -356311668L, 1406263740L, 345589810L, 656528192L, 
1709661876L, -908013240L, 1008923322L, -398541040L, 67715308L, 
54523988L, 1795950354L, -1060183648L, 1986586572L, -1207279776L, 
-475599678L, -1721938392L, -667260500L, -955047108L, -1932778638L, 
1458097968L, 1237352484L, 720191032L, -948268326L, 1731434384L, 
-1346882308L, -666743404L, 1642070850L, -1060402688L, 1679247420L, 
2013332048L, -222920542L, 193413960L, -1368835572L, -353789220L, 
-1204096942L, 442682496L, 30836564L, -1850851352L, 1017328378L, 
-1141668016L, 55026732L, 170428788L, -936300910L, -352361888L, 
-1816858484L, 318345568L, -6596382L, -758813528L, 586340044L, 
132930044L, -407778382L, 1446593520L, 488145348L, -400704168L, 
634858727L, -416089840L, 1164044334L, 1874251483L, -47560771L, 
1296605482L, 1949877704L, -1022215439L, 2141590627L, -864718748L, 
179436434L, 1754984551L, 1376079921L, -1981570698L, -2099761516L, 
-1408932699L, -633865809L, 540877416L, -131564986L, 1036812275L, 
-1068933291L, 925204786L, -1174641408L, 311031273L, -1708973989L, 
573608620L, -1388598086L, 1217736303L, 2117925881L, 950108814L, 
-127978660L, -960225331L, -1767080137L, -210813504L, 889348766L, 
-285557909L, -1307475219L, 761984858L, 1108085784L, 2058262913L, 
-1112223949L, -2060114604L, -656994462L, -2032729097L, 1428991041L, 
1128687814L, -947923452L, -654655051L, 168279711L, -798658824L, 
-1230441770L, -1268504733L, 1550671653L, 1775031490L, -576978512L, 
260012505L, 2120275787L, -31310404L, 218287594L, -2056734177L, 
-1953197911L, 1696954430L, -1304102612L, -1130237059L, 1595042247L, 
668298416L, -1656157490L, 968359931L, 1047447645L, -709955702L, 
-680157272L, -792816367L, 1964919811L, 2139547396L, -1247745230L, 
-1841878649L, 1443852241L, -2083700394L, -1241555148L, 737591877L, 
-578449777L, 219817992L, 42974246L, -818465581L, 1757746741L, 
-879071854L, 1090580832L, -1437259575L, -1287615493L, -1169904692L, 
-542947750L, 1355205455L, -249740775L, 797851694L, 174837308L, 
195994541L, 984222807L, 1337436576L, -2144234754L, -1755405877L, 
404277197L, -438605062L, -1952100040L, -268649759L, -1061679725L, 
1751250356L, -1459075390L, -1615616297L, 1910343457L, 156843750L, 
1669830628L, 1775363861L, 598343487L, 1495448280L, 1150721782L, 
-533350141L, 2019437125L, 1957210722L, -1357420080L, 1226708729L, 
196338731L, -1374051428L, 644955082L, 510481599L, -746588663L, 
1704640286L, 1748747980L, -2057607523L, 879522599L, 237378896L, 
-1738038290L, 942951579L, -1130174723L, 29535722L, -1204224376L, 
515303473L, -2009025885L, 1459640996L, -1507800238L, 1318519463L, 
-67543311L, 1438690870L, 2025222868L, 1880475237L, -977382289L, 
-1770393944L, 1132235782L, -710903501L, -1774328427L, -559273486L, 
